<<<<<<< HEAD
3,2
10,137
10,231
10,207
10,173
10,31
10,165
10,247
10,2
10,3
11,7
11,13
11,17
11,15
9,5
9,2
9,3
8,10
8,8
8,7
8,11
8,2
8,3
=======
3,1
3,3
10,233
10,187
10,185
10,65
10,177
10,201
10,195
10,123
11,5
11,19
11,13
11,9
9,7
9,5
8,11
8,18
8,4
8,16
>>>>>>> 02f0d910e873c5a72cfb3c08ce290097bf21e762
20,3
20,2
20,1
19,3
19,2
19,1
12,3
12,2
12,1
11,29
11,28
11,27
11,26
11,25
11,24
11,23
11,22
11,21
11,20
11,18
11,16
11,14
<<<<<<< HEAD
11,12
11,10
11,8
11,6
11,3
11,2
=======
11,8
18,1
11,6
11,3
11,2
18,3
>>>>>>> 02f0d910e873c5a72cfb3c08ce290097bf21e762
11,1
10,313
10,312
10,311
10,310
10,309
10,308
10,307
10,306
10,305
10,304
10,303
10,302
10,301
10,300
10,299
<<<<<<< HEAD
=======
14,1
>>>>>>> 02f0d910e873c5a72cfb3c08ce290097bf21e762
10,298
10,297
10,296
10,295
10,294
<<<<<<< HEAD
=======
10,293
10,292
10,291
10,290
10,289
10,288
10,287
10,286
10,285
10,284
10,283
>>>>>>> 02f0d910e873c5a72cfb3c08ce290097bf21e762
